1.300000000000000000e+01 3.900000000000000000e+03 5.000000000000000000e-01 1.299999999999999822e+00 7.000000000000001776e-01
1.300000000000000000e+01 3.900000000000000000e+03 2.099999999999999645e+00 1.499999999999999778e+00 6.000000000000000888e-01
1.300000000000000000e+01 3.900000000000000000e+03 2.199999999999999734e+00 1.199999999999999734e+00 4.000000000000000777e-01
1.300000000000000000e+01 3.900000000000000000e+03 2.699999999999999289e+00 1.299999999999999822e+00 6.000000000000000888e-01
1.300000000000000000e+01 2.900000000000000000e+03 2.199999999999999734e+00 1.299999999999999822e+00 4.000000000000000777e-01
1.300000000000000000e+01 3.900000000000000000e+03 2.099999999999999645e+00 1.299999999999999822e+00 2.000000000000000111e-01
1.300000000000000000e+01 3.900000000000000000e+03 8.999999999999999112e-01 1.299999999999999822e+00 4.000000000000000777e-01
1.300000000000000000e+01 3.900000000000000000e+03 5.000000000000000000e-01 1.299999999999999822e+00 7.000000000000001776e-01
6.000000000000000000e+00 3.900000000000000000e+03 2.099999999999999645e+00 1.299999999999999822e+00 6.000000000000000888e-01
1.300000000000000000e+01 2.900000000000000000e+03 2.199999999999999734e+00 1.299999999999999822e+00 4.000000000000000777e-01
1.300000000000000000e+01 3.900000000000000000e+03 1.399999999999999911e+00 1.299999999999999822e+00 7.000000000000001776e-01
1.300000000000000000e+01 3.900000000000000000e+03 1.899999999999999689e+00 1.299999999999999822e+00 6.000000000000000888e-01
1.300000000000000000e+01 3.900000000000000000e+03 2.499999999999999556e+00 1.299999999999999822e+00 7.000000000000001776e-01
1.000000000000000000e+01 3.900000000000000000e+03 2.199999999999999734e+00 1.299999999999999822e+00 6.000000000000000888e-01
1.300000000000000000e+01 2.100000000000000000e+03 2.199999999999999734e+00 1.299999999999999822e+00 4.000000000000000777e-01
