1.300000000000000000e+01 1.200000000000000000e+03 2.399999999999999467e+00 1.699999999999999734e+00 7.000000000000001776e-01
8.000000000000000000e+00 3.700000000000000000e+03 2.599999999999999645e+00 1.399999999999999911e+00 5.000000000000001110e-01
1.100000000000000000e+01 3.700000000000000000e+03 9.999999999999998890e-01 1.399999999999999911e+00 5.000000000000001110e-01
1.000000000000000000e+01 1.100000000000000000e+03 1.899999999999999689e+00 1.299999999999999822e+00 7.000000000000001776e-01
1.300000000000000000e+01 3.900000000000000000e+03 2.299999999999999822e+00 1.699999999999999734e+00 7.000000000000001776e-01
1.100000000000000000e+01 3.700000000000000000e+03 5.999999999999999778e-01 1.399999999999999911e+00 6.000000000000000888e-01
1.100000000000000000e+01 3.700000000000000000e+03 1.899999999999999689e+00 1.399999999999999911e+00 5.000000000000001110e-01
1.000000000000000000e+01 4.800000000000000000e+03 1.099999999999999867e+00 1.299999999999999822e+00 7.000000000000001776e-01
1.000000000000000000e+01 3.900000000000000000e+03 2.399999999999999467e+00 1.699999999999999734e+00 7.000000000000001776e-01
1.100000000000000000e+01 3.700000000000000000e+03 7.999999999999999334e-01 1.399999999999999911e+00 5.000000000000001110e-01
1.100000000000000000e+01 4.200000000000000000e+03 1.899999999999999689e+00 1.399999999999999911e+00 5.000000000000001110e-01
1.000000000000000000e+01 3.900000000000000000e+03 6.999999999999999556e-01 1.299999999999999822e+00 7.000000000000001776e-01
1.000000000000000000e+01 3.300000000000000000e+03 2.399999999999999467e+00 1.699999999999999734e+00 7.000000000000001776e-01
8.000000000000000000e+00 3.300000000000000000e+03 2.399999999999999467e+00 1.399999999999999911e+00 2.000000000000000111e-01
1.100000000000000000e+01 3.700000000000000000e+03 5.999999999999999778e-01 1.399999999999999911e+00 2.000000000000000111e-01
1.300000000000000000e+01 4.800000000000000000e+03 2.199999999999999734e+00 1.299999999999999822e+00 7.000000000000001776e-01
8.000000000000000000e+00 3.900000000000000000e+03 2.399999999999999467e+00 1.699999999999999734e+00 7.000000000000001776e-01
8.000000000000000000e+00 3.300000000000000000e+03 2.399999999999999467e+00 9.999999999999998890e-01 5.000000000000001110e-01
1.100000000000000000e+01 3.700000000000000000e+03 6.999999999999999556e-01 1.399999999999999911e+00 5.000000000000001110e-01
1.300000000000000000e+01 3.900000000000000000e+03 2.199999999999999734e+00 1.699999999999999734e+00 7.000000000000001776e-01
8.000000000000000000e+00 3.300000000000000000e+03 2.399999999999999467e+00 1.599999999999999645e+00 5.000000000000001110e-01
1.400000000000000000e+01 4.800000000000000000e+03 1.899999999999999689e+00 1.399999999999999911e+00 5.000000000000001110e-01
